TATASTEEL 148.17 152.00 3.83 2.58 152.00 3,98,004 6.05 1,22,252.18 184.60 114.60
HINDALCO 647.70 658.00 10.30 1.59 658.00 13,966 0.92 94,879.17 715.25 448.75
DRREDDY 6,612.50 6,700.00 87.50 1.32 6,700.00 1,508 1.01 80,763.35 7,107.45 5,205.55
HCLTECH 1,778.75 1,800.00 21.25 1.19 1,800.00 9,495 1.71 1,88,721.30 1,817.15 1,208.55
WIPRO 514.35 520.45 6.10 1.19 520.45 20,155 1.05 72,881.55 579.90 375.05
BHARTIARTL 1,577.80 1,596.15 18.35 1.16 1,596.15 77,435 12.36 4,22,600.65 1,608.40 883.60
TECHM 1,602.60 1,619.90 17.30 1.08 1,619.90 837 0.14 1,01,889.87 1,665.00 1,098.15
BAJFINANCE 7,345.55 7,420.00 74.45 1.01 7,420.00 6,388 4.74 2,05,039.44 8,192.00 6,187.80
BAJAJFINSV 1,833.15 1,850.70 17.55 0.96 1,850.70 4,038 0.75 99,398.60 1,898.00 1,419.05
ONGC 285.30 288.00 2.70 0.95 288.00 57,476 1.66 1,11,887.75 345.00 179.90
BPCL 340.25 343.45 3.20 0.94 343.45 36,488 1.25 66,535.32 367.20 165.73
ADANIPORTS 1,430.60 1,444.00 13.40 0.94 1,444.00 3,711 0.54 1,05,150.81 1,621.40 754.50
JSWSTEEL 927.75 935.80 8.05 0.87 935.80 3,117 0.29 88,224.52 968.90 723.00
SBIN 768.60 775.00 6.40 0.83 775.00 26,637 2.06 2,95,877.68 912.00 543.20
KOTAKBANK 1,789.25 1,803.90 14.65 0.82 1,803.90 20,024 3.61 2,63,486.14 1,926.50 1,543.85
HEROMOTOCO 5,654.45 5,700.00 45.55 0.81 5,700.00 915 0.52 73,533.69 5,894.55 2,923.95
INFY 1,910.15 1,925.00 14.85 0.78 1,925.00 11,520 2.22 6,91,025.87 1,975.75 1,351.65
TCS 4,479.35 4,510.25 30.90 0.69 4,510.25 7,146 3.22 4,55,423.15 4,592.25 3,311.00
TITAN 3,711.10 3,736.00 24.90 0.67 3,736.00 387 0.14 1,54,815.79 3,886.95 3,055.65
COALINDIA 483.95 487.00 3.05 0.63 487.00 22,571 1.10 1,10,396.34 543.55 269.00
APOLLOHOSP 6,900.25 6,943.00 42.75 0.62 6,943.00 403 0.28 69,357.40 7,044.00 4,726.00
HDFCBANK 1,643.90 1,654.00 10.10 0.61 1,654.00 1,27,493 21.09 12,45,273.60 1,794.00 1,363.55
SHRIRAMFIN 3,279.90 3,300.00 20.10 0.61 3,300.00 1,735 0.57 91,475.88 3,337.90 1,760.85
LT 3,536.95 3,558.00 21.05 0.60 3,558.00 2,752 0.98 4,13,735.97 3,919.90 2,846.05
BAJAJ-AUTO 11,420.75 11,480.75 60.00 0.53 11,480.75 1,675 1.92 1,27,678.25 11,501.30 4,762.60
SUNPHARMA 1,845.70 1,855.15 9.45 0.51 1,855.15 1,387 0.26 1,99,841.81 1,857.50 1,068.35
POWERGRID 333.20 334.85 1.65 0.50 334.85 16,475 0.55 1,51,757.95 362.50 190.65
TATACONSUM 1,204.40 1,210.00 5.60 0.46 1,210.00 2,049 0.25 78,579.52 1,256.44 846.29
HDFCLIFE 700.15 703.15 3.00 0.43 703.15 1,193 0.08 73,780.19 761.20 511.40
ADANIENT 2,937.85 2,950.00 12.15 0.41 2,950.00 1,592 0.47 77,086.88 3,743.90 2,142.00
CIPLA 1,628.35 1,635.00 6.65 0.41 1,635.00 1,059 0.17 85,823.43 1,681.60 1,132.00
M&M 2,654.25 2,665.00 10.75 0.41 2,665.00 1,272 0.34 2,57,231.40 3,013.50 1,450.00
EICHERMOT 4,726.65 4,744.90 18.25 0.39 4,744.90 122 0.06 64,609.81 5,058.90 3,275.00
RELIANCE 2,903.00 2,914.00 11.00 0.38 2,914.00 9,276 2.70 9,82,548.88 3,217.60 2,220.30
GRASIM 2,681.15 2,690.60 9.45 0.35 2,690.60 103 0.03 98,634.66 2,877.75 1,828.05
NTPC 389.65 391.00 1.35 0.35 391.00 19,645 0.77 1,85,445.83 426.30 227.75
AXISBANK 1,186.10 1,190.10 4.00 0.34 1,190.10 3,192 0.38 3,38,166.34 1,339.65 951.40
INDUSINDBK 1,421.20 1,425.15 3.95 0.28 1,425.15 897 0.13 94,055.56 1,694.50 1,329.20
HINDUNILVR 2,904.15 2,911.00 6.85 0.24 2,911.00 964 0.28 2,59,907.09 2,950.00 2,172.05
SBILIFE 1,859.15 1,863.00 3.85 0.21 1,863.00 193 0.04 83,649.10 1,936.00 1,264.35
DIVISLAB 5,439.30 5,450.00 10.70 0.20 5,450.00 1,489 0.81 69,382.87 5,469.90 3,295.30
ULTRACEMCO 11,487.45 11,507.85 20.40 0.18 11,507.85 152 0.17 1,32,501.68 12,078.00 8,045.05
BRITANNIA 6,008.65 6,018.65 10.00 0.17 6,018.65 534 0.32 71,024.77 6,047.05 4,347.70
MARUTI 12,242.60 12,262.10 19.50 0.16 12,262.10 302 0.37 1,61,899.44 13,680.00 9,737.65
ITC 514.35 515.10 0.75 0.15 515.10 19,454 1.00 4,74,825.76 519.50 399.35
ICICIBANK 1,236.35 1,238.00 1.65 0.13 1,238.00 36,056 4.46 8,72,061.94 1,257.80 899.00
NESTLEIND 2,526.85 2,529.90 3.05 0.12 2,529.90 568 0.14 90,252.97 2,769.30 2,187.34
ASIANPAINT 3,367.45 3,370.00 2.55 0.08 3,370.00 2,691 0.91 1,51,859.71 3,422.95 2,670.10
LTIM 6,299.30 6,301.00 1.70 0.03 6,301.00 5,736 3.61 57,906.88 6,442.00 4,513.55
TATAMOTORS 976.30 976.30 0.00 0.00 976.30 92,309 9.01 2,04,858.87 1,179.00 608.30
Total 10,74,586 9,750.45 1,10,69,99,758.11